101
80 15 15 1 1
73 3 8 1 3
68 14 8 2 5
62 17 0 2 4
75 9 3 2 3
70 4 14 2 3
79 13 12 2 2
76 9 17 2 5
65 2 1 1 2
71 13 8 2 3
75 11 10 1 5
69 1 19 2 3
71 15 4 2 3
78 8 14 1 1
67 17 16 1 2
61 7 8 2 1
75 10 14 1 4
70 0 3 1 2
72 16 8 2 2
72 1 4 2 1
65 13 15 1 1
67 4 5 1 5
64 12 14 1 4
80 10 19 2 3
71 5 7 1 1
68 2 9 1 4
68 16 19 2 3
64 1 14 2 5
77 12 2 2 5
65 17 14 2 1
66 20 0 2 3
73 8 6 2 1
66 10 17 1 4
69 6 8 2 3
68 17 8 2 1
69 12 16 1 5
68 7 12 2 1
60 10 5 1 2
76 0 7 1 3
79 2 6 1 2
60 3 8 1 3
77 19 5 2 4
61 18 11 2 4
69 15 12 1 3
62 16 6 1 1
75 9 11 1 1
74 20 11 1 5
76 7 19 1 3
65 13 6 1 1
65 6 10 1 3
61 17 9 2 5
60 11 17 2 4
76 1 17 1 1
66 19 1 1 2
80 1 14 1 4
63 3 11 1 4
65 0 15 1 3
75 10 6 1 3
73 18 3 1 2
72 4 11 2 5
76 9 19 2 5
70 9 13 1 2
73 18 18 2 2
80 14 12 2 5
70 5 8 1 1
76 10 11 2 3
73 7 10 1 2
74 9 0 1 2
74 4 3 2 4
72 15 14 1 1
73 5 18 1 4
64 17 8 1 3
74 11 2 2 2
67 4 11 1 2
66 14 10 1 2
68 18 18 1 3
67 1 12 2 5
79 6 1 2 2
78 9 17 1 4
79 13 16 2 2
62 0 2 2 2
80 16 12 2 3
68 12 3 1 2
66 12 12 2 1
69 20 20 2 4
61 12 2 1 1
62 10 4 1 4
70 20 10 1 3
64 9 8 1 3
79 14 0 1 2
75 11 6 2 2
71 17 18 2 1
62 10 12 1 5
63 2 14 1 1
74 14 8 1 5
67 9 16 2 4
66 8 0 1 4
67 20 20 2 3
75 1 2 1 1
80 14 13 1 3
-80 15 10 10 50
