101
72 -8 12 3 5
78 -9 14 5 2
86 -1 14 4 3
86 -2 20 4 1
82 -15 17 4 2
71 -18 11 1 1
70 15 19 5 5
88 -13 9 4 3
89 14 18 1 4
72 16 6 1 3
75 -2 1 2 2
83 12 0 2 3
71 -1 11 1 5
79 -8 2 2 3
76 -2 19 1 1
75 20 15 3 4
84 11 7 3 1
86 -10 19 3 5
85 3 14 5 5
74 19 14 3 5
85 5 8 2 1
84 -16 9 3 2
82 6 15 2 1
79 -16 3 5 1
76 2 4 4 3
79 10 2 1 5
89 19 17 3 5
90 -5 12 3 4
75 -13 5 1 5
81 -13 16 1 1
78 2 3 3 1
82 -6 1 2 1
78 -11 17 3 5
73 -17 19 5 1
73 -3 11 3 5
72 13 8 1 4
89 19 16 4 3
74 0 2 4 3
77 -9 13 5 3
86 -12 10 3 1
75 -14 8 3 4
73 0 12 3 4
72 1 10 2 3
77 5 1 3 3
74 -12 11 1 2
87 18 9 5 5
84 6 14 2 2
85 -11 18 2 1
78 -5 14 5 2
80 -4 4 3 3
83 -17 2 2 1
83 5 1 5 4
87 -18 7 2 1
82 -2 9 2 2
87 17 0 1 1
76 -1 16 1 5
77 -14 14 2 5
73 11 4 3 4
78 16 6 4 5
82 -11 4 3 5
71 16 4 4 3
87 6 10 2 2
83 18 0 4 4
89 -1 20 3 3
80 -13 11 4 2
89 19 19 2 1
70 2 2 5 4
89 16 19 2 2
88 19 5 2 1
89 15 1 2 4
89 1 4 2 2
88 -8 2 4 2
73 -20 6 3 2
81 20 2 3 5
77 9 18 1 3
90 14 8 2 4
80 -15 19 1 2
78 6 12 2 2
85 12 19 5 1
77 -15 3 3 2
72 -8 15 5 3
87 8 2 1 3
82 -14 8 5 3
86 3 0 2 4
90 -13 2 4 5
73 -20 20 1 5
90 14 3 5 5
73 -4 7 1 1
86 -9 19 5 4
73 -4 9 3 3
73 6 12 2 1
78 -3 18 4 3
85 -1 18 2 2
72 7 16 3 4
82 5 9 3 5
70 -15 20 1 4
71 -13 15 5 5
74 -15 16 4 4
78 1 3 2 1
85 -12 10 1 4
-20 15 10 10 13
